minLat=1.230454, maxLat=1.4690112, minLon=103.6256769, maxLon=103.9972533
sg_center = [1.3497325999999998, 103.81146509999999]
lat_unit=0.02650635555555556, lon_unit=0.026541171428571073

sg_lat_unit_dist = 2.9309374423747543km, sg_lon_unit_dist = 2.953735402307896km
sg_lat_dist = 26.37843698137279km, sg_lon_dist = 41.35229563231054km

square_center_lat_list = [1.2437071777777777, 1.2702135333333333, 1.296719888888889, 1.3232262444444445, 1.3497326, 1.3762389555555556, 1.4027453111111112, 1.4292516666666668, 1.4557580222222224]
square_center_lon_list = [103.63894748571428, 103.66548865714286, 103.69202982857144, 103.71857100000001, 103.74511217142859, 103.77165334285716, 103.79819451428574, 103.82473568571432, 103.85127685714289, 103.87781802857147, 103.90435920000004, 103.93090037142862, 103.9574415428572, 103.98398271428577]
